投票所,親民,基進,時力,國民,綠黨,民進,台民
823,3.1957,2.1305,5.9920,50.5992,0.7989,22.6365,11.0519
824,4.7821,2.7630,8.0765,36.7694,2.3379,32.8374,9.4580
825,4.1139,2.4262,9.3882,34.1772,1.6878,32.3840,13.7131
826,3.9362,2.5532,7.4468,40.6383,1.2766,26.4894,13.9362
827,5.2999,3.3473,5.5788,33.1939,2.3710,33.4728,12.4128
828,3.1770,2.7231,8.7746,37.8215,1.8154,31.6188,9.6823
829,3.6609,2.6975,7.5145,29.6724,0.9634,39.8844,8.2852
830,4.4092,2.9982,7.0547,31.2169,1.4109,38.6243,10.5820
831,3.5273,3.8801,5.2910,26.9841,1.9400,43.3862,8.2892
832,3.2541,2.2528,6.2578,29.1615,1.6270,43.1790,9.1364
833,3.0303,2.4242,4.8485,43.8384,1.4141,27.8788,11.9192
834,3.7565,2.0725,8.2902,34.9741,1.4249,33.9378,13.2124
835,3.5294,2.5210,7.7311,32.4370,2.1849,36.1345,11.0924
836,4.3646,3.0809,7.8306,34.0180,2.6958,31.8357,11.1682
837,2.7132,3.6176,8.5271,35.2713,1.6796,31.2661,12.9199
838,3.8462,4.0000,6.1538,28.3077,2.0000,42.3077,10.4615
839,2.9197,3.0657,8.6131,30.5109,1.8978,38.8321,10.2190
840,5.4698,3.9271,7.2931,32.9593,1.6830,31.9776,13.3240
841,2.4345,2.9963,5.6180,33.3333,1.8727,35.9551,13.2959
842,3.0560,3.0560,9.3379,39.2190,0.6791,28.8625,12.5637
843,2.9412,2.9412,7.5163,34.4771,1.7974,33.8235,12.5817
844,3.8208,2.7668,8.8274,35.5731,1.4493,32.8063,9.8814
845,3.6408,2.7913,8.6165,35.6796,2.3058,33.4951,10.5583
846,4.5161,2.0645,7.8710,41.0323,2.8387,27.0968,11.3548
847,4.0689,3.5994,6.1033,35.3678,1.8779,33.9593,10.6416
848,5.1437,1.9667,8.7746,33.5855,0.9077,37.8215,9.0772
849,2.2590,2.2590,8.1325,39.6084,1.8072,30.7229,12.1988
850,4.4068,3.5593,7.1186,33.8983,4.0678,30.8475,11.1864
851,4.2614,3.2670,7.6705,33.0966,2.2727,35.9375,11.2216
852,2.4453,2.8314,7.9794,32.5611,2.8314,35.6499,11.9691
853,4.4686,2.5362,8.2126,36.1111,1.5700,33.4541,9.6618
854,4.8969,2.8351,7.8608,30.7990,2.5773,34.4072,13.4021
855,3.7500,3.9583,9.0625,31.0417,2.0833,31.7708,14.7917
856,3.8605,2.7397,8.8418,35.3674,1.7435,30.6351,12.3288
857,2.9216,3.9841,6.6401,40.6375,1.0624,31.6069,9.9602
858,4.1731,4.3277,10.6646,28.5935,1.2365,35.8578,12.3648
859,4.2601,3.9238,8.9686,29.2601,2.1300,32.8475,14.3498
860,4.3908,4.5005,5.7080,37.9802,1.3172,30.4061,11.8551
861,4.3417,3.2213,7.5630,36.5546,0.9804,32.0728,10.6443
862,5.6630,1.9337,7.4586,37.9834,1.9337,32.7348,8.8398
863,3.7500,4.2045,8.5227,35.1136,2.0455,29.6591,13.7500
864,3.7717,1.7329,8.1549,30.7849,1.9368,39.9592,10.4995
865,3.8043,3.3967,8.1522,32.6087,1.3587,35.1902,11.8207
866,3.8917,3.0457,9.4755,30.6261,1.1844,36.3790,11.3367
867,4.6717,3.0303,8.4596,38.1313,1.2626,28.5354,10.8586
868,3.9308,3.4591,9.2767,31.6038,2.6730,33.0189,11.3208
869,5.2308,3.3846,9.0769,39.5385,2.3077,24.1538,13.8462
870,2.8620,2.8620,6.5657,35.8586,2.5253,31.8182,11.1111
871,3.2333,3.5797,10.0462,38.6836,2.1940,26.4434,11.8938
872,4.7736,3.5496,7.9559,38.6781,2.4480,27.4174,12.2399
873,4.9834,3.6545,6.3123,35.5482,0.9967,33.8870,9.1362
874,3.2984,3.4483,9.8951,36.7316,2.8486,29.9850,11.5442
875,3.2680,2.9412,6.5359,36.1111,3.1046,32.5163,10.4575
876,2.0677,3.1955,7.5188,37.0301,2.0677,33.6466,11.4662
877,5.0243,3.0794,8.5900,35.9806,1.1345,33.2253,10.2107
878,2.9940,3.1437,9.2814,37.5749,2.8443,28.4431,12.2754
879,2.2457,5.5482,8.7186,36.7239,0.7926,30.5152,11.7569
880,4.4515,5.2464,7.9491,34.8172,2.0668,30.5246,9.3800
881,5.2516,3.2823,6.1269,34.5733,1.7505,32.8228,11.5974
882,3.7306,3.1088,8.1865,31.7098,2.6943,33.6788,12.3316
883,4.9395,3.7298,7.8629,35.0806,3.3266,28.6290,14.0121
884,3.4022,4.4957,7.7764,33.6574,1.7011,33.4143,12.5152
885,4.1830,3.7908,9.1503,38.4314,2.0915,25.2288,13.0719
886,1.6014,6.0498,11.2100,35.2313,1.6014,28.1139,14.7687
887,2.0790,3.7422,10.1871,35.7588,3.3264,31.6008,9.9792
888,3.6643,5.0827,8.2742,35.5792,2.1277,31.5603,11.9385
889,4.0210,2.0979,9.7902,34.7902,2.0979,31.9930,10.6643
890,3.9900,4.3641,11.9701,34.2893,2.1197,27.1820,12.9676
891,2.9530,3.0872,8.9933,33.6913,2.2819,30.6040,14.8993
892,3.4796,2.7231,10.1362,39.0318,3.1770,25.7186,12.2542
893,3.0075,3.7594,6.0150,32.3308,3.6090,31.7293,14.5865
894,1.9830,2.9745,8.4986,33.1445,1.4164,35.5524,12.6062
895,5.1966,3.6517,10.3933,38.4831,1.4045,26.2640,11.6573
896,5.2098,3.3285,8.1042,32.2721,1.7366,30.9696,14.6165
897,2.3256,4.7880,9.5759,33.3789,3.1464,28.5910,15.5951
898,3.7037,3.8519,7.8519,34.6667,1.3333,34.5185,10.2222
899,4.2062,2.1710,9.9050,36.9064,1.4925,29.8507,12.0760
900,3.2909,3.8217,9.4480,37.4735,2.8662,25.0531,15.6051
901,4.1772,3.5443,8.9873,37.0886,2.4051,30.6329,10.2532
902,5.4217,2.6104,8.1325,34.0361,2.5100,28.6145,14.4578
903,4.0404,4.1526,9.0909,28.5073,2.6936,32.7722,15.3760
904,4.4172,2.6994,8.3436,35.8282,2.5767,30.6748,11.9018
905,3.9394,4.5455,8.5859,35.4545,0.9091,28.7879,15.4545
906,3.7549,3.0632,9.6838,32.0158,2.6680,34.7826,12.0553
907,4.4213,3.6411,9.1027,32.1196,2.7308,34.0702,11.9636
908,3.6800,3.5200,10.0800,35.0400,2.2400,29.7600,13.1200
909,3.8344,3.2209,7.9755,38.0368,0.9202,31.2883,12.7301
910,3.7975,2.7618,9.0909,34.0621,1.9563,30.8400,13.6939
911,2.7532,5.0147,11.2094,30.2852,2.0649,32.5467,13.3727
912,2.2124,3.4513,8.5841,34.3363,2.0354,31.2389,15.3982
913,2.9126,4.4903,9.9515,30.8252,3.0340,31.5534,14.4417
914,3.0888,2.7027,8.2046,33.6873,1.9305,33.3977,13.4170
915,3.2338,2.8607,8.3333,35.0746,0.8706,30.4726,13.6816
916,3.7815,2.2409,5.1821,46.0784,1.4006,24.0896,13.3053
917,4.3776,2.8728,6.8399,36.3885,2.7360,31.0534,13.1327
918,2.3810,3.6508,6.8254,28.4127,1.5873,40.9524,12.0635
919,4.7120,2.9668,6.8063,32.2862,1.3962,34.9040,13.6126
920,4.0470,2.7415,6.3969,36.1619,1.1749,36.0313,10.3133
921,5.3548,2.6774,9.2369,34.1365,1.2048,35.6091,9.5047
